[gd_scene load_steps=5 format=3 uid="uid://be60ypykaswsk"]

[ext_resource type="Script" path="res://Assets/Scripts/player.gd" id="1_va0uu"]
[ext_resource type="PackedScene" uid="uid://ghw5021p4any" path="res://Assets/Models/gun.gltf" id="2_4e6fg"]

[sub_resource type="CapsuleShape3D" id="CapsuleShape3D_wl3wc"]

[sub_resource type="CapsuleMesh" id="CapsuleMesh_ek3vb"]

[node name="CharacterBody3D" type="CharacterBody3D"]
script = ExtResource("1_va0uu")

[node name="CollisionShape3D" type="CollisionShape3D" parent="."]
transform = Transform3D(0.999991, 0.00356418, -0.00221394, -0.00355988, 0.999992, 0.00194989, 0.00222085, -0.00194201, 0.999996, 0, 1, 0)
shape = SubResource("CapsuleShape3D_wl3wc")

[node name="WorldModel" type="Node3D" parent="."]
unique_name_in_owner = true

[node name="MeshInstance3D" type="MeshInstance3D" parent="WorldModel"]
transform = Transform3D(0.999998, -0.000359926, 0.00198364, 0.000355766, 0.999998, 0.00210537, -0.00198439, -0.00210466, 0.999996, 0, 1, 0)
mesh = SubResource("CapsuleMesh_ek3vb")

[node name="Head" type="Node3D" parent="."]
unique_name_in_owner = true
transform = Transform3D(0.999975, 0.0067549, 0.00224127, -0.00675234, 0.999977, -0.00115013, -0.00224899, 0.00113496, 0.999997, 0, 1.8, 0)

[node name="Camera3D" type="Camera3D" parent="Head"]
unique_name_in_owner = true
cull_mask = 1048573

[node name="Gun" type="Node3D" parent="Head/Camera3D"]
transform = Transform3D(1, -4.87967e-09, -3.0268e-09, 2.43062e-10, 1, -7.33417e-09, 2.32831e-10, -1.16415e-10, 1, 0, 0, 0)

[node name="gun" parent="Head/Camera3D/Gun" instance=ExtResource("2_4e6fg")]
transform = Transform3D(-0.15, 5.9589e-10, -1.30094e-08, 3.80851e-12, 0.15, -1.45519e-11, 1.28348e-08, 5.82077e-11, -0.15, 0.246671, -0.757407, -0.617027)
